100
3.6 7.9
0.2 2.2
4.0 1.2
3 1.5
6.6 7.2
5.55 3.29
4.01 5.32
4 5.5
7.3 4.09
1 4.1
3.7 4.9
3 18
1 7
5 5
8.3 2.5
7.09 9.87
2.1 3.9
1 2
2 2
4 6.321
21.432 432.31
323.12 321.1
111.5 6.7
2.1 5.7
3 3
11.2 321.31
4.5123 4324.124214
5432.4321 213.42141
865.525 43214.421
23.123 4532.4219
1.5 1.6
4 2
1 1
2 7
0 0
-2 -4.3
21.12 32.32
54.32 32.231
-43.21 -65.31
-55.223 -523.21
4.77 7.32
4.3 1.2
3.3 22.1
23.1 4.6
11.2 91.1
3 6
3.33 6.54
7.32 3.213
5.243 7.112
1 0
1.1 4.9
6 1.1
22.12 53.23
2 5
2 9
4 2.3
-22.1 -99.3
11 -1
18 -3
-4 12
11 11
12 12
0.44 4.77
4.033 1.21
3.032 4.325
3.214 543.2
33.21 31.213
432.213 5432.213
654.213 3123.432
532.135 412.1243
754.32 09.21
-91 88
-12 -3213
-321 -31
1212 0321
312 312
111.21 432.21
1.2131 321.213
312.35 53.123
645.213 543.121
-42.213 21.432
-213.321 321.1
-432.41 -23.1
12.421 3213.00
11.212 3244.213
213.3213 4324.21
12.31 -3124.421
321.21 -12.231
74.1412 -234.765
9325.21 214.45
111.11 321.31
-53.532 -324.214
11323.3 -432.432
142.34 34.342
-324.324 -32.13
21.421 -421.421
-4321.1 -421.14
-243.12 -42.1412
12.5436 4235.234
42.53 1235.6543